1 1.1045e-05 0.000235439
2 1.5524e-05 0.000190761
3 2.0713e-05 0.000212865
4 2.6053e-05 0.000177268
5 3.0374e-05 0.000186695
6 3.613e-05 0.000223898
7 4.1413e-05 0.000186775
8 4.6504e-05 0.000190993
9 5.1864e-05 0.000198518
10 5.6226e-05 0.000196263
20 0.000107803 0.000197099
40 0.000211394 0.000207762
60 0.000314739 0.000208183
80 0.000446821 0.000246704
100 0.00052169 0.000288974
200 0.00104264 0.000355969
400 0.00207793 0.000596576
600 0.00314076 0.000660008
800 0.00417626 0.00072989
1000 0.00523021 0.000913987
2000 0.010453 0.00162041
4000 0.0208396 0.00295248
6000 0.0311853 0.00462836
8000 0.0415222 0.00584168
10000 0.051878 0.00719325
20000 0.103716 0.014133
40000 0.207342 0.0279429
60000 0.311054 0.0419873
80000 0.41441 0.0559204
100000 0.518024 0.0696422
200000 1.03595 0.139274
400000 2.07163 0.27793
600000 3.10739 0.416614
800000 4.14258 0.556362
1000000 5.17836 0.693752
2000000 10.3566 1.38829
4000000 20.713 2.77672
6000000 31.0696 4.16403
8000000 41.4273 5.54594
10000000 51.7826 6.94005
20000000 103.578 13.8897
40000000 207.152 27.7557
60000000 310.736 41.6067
80000000 414.309 55.4847
100000000 517.894 69.3292
