1 5.098e-06 0.000246806
2 5.509e-06 0.000373064
3 5.301e-06 0.000314496
4 5.39e-06 0.000335541
5 5.509e-06 0.000731249
6 5.435e-06 0.000366693
7 5.447e-06 0.000414419
8 5.625e-06 0.000295532
9 5.583e-06 0.00032317
10 5.857e-06 0.00036168
20 6.309e-06 0.000324621
40 7.317e-06 0.000306951
60 8.447e-06 0.000371049
80 9.554e-06 0.000371176
100 1.0456e-05 0.00029008
200 1.5689e-05 0.000381604
400 2.6488e-05 0.000330517
600 3.699e-05 0.000326723
800 4.7393e-05 0.000327238
1000 5.8232e-05 0.000361771
2000 0.000114918 0.000282498
4000 0.000216286 0.000329624
6000 0.000327724 0.000318069
8000 0.000432729 0.000351638
10000 0.00056162 0.000339016
20000 0.00109639 0.000406339
40000 0.00215135 0.000500196
60000 0.00321094 0.000656487
80000 0.00430145 0.000706278
100000 0.00536856 0.000792771
200000 0.0106653 0.00118713
400000 0.0212216 0.0033801
600000 0.031837 0.00491859
800000 0.0424953 0.00352235
1000000 0.0530162 0.00431373
2000000 0.105989 0.0156793
4000000 0.211993 0.0159278
6000000 0.318108 0.0237023
8000000 0.424025 0.0314753
10000000 0.530145 0.0391768
20000000 1.06017 0.0780469
40000000 2.11957 0.155542
60000000 3.1797 0.233647
80000000 4.23958 0.310536
100000000 5.29918 0.38794
