1 5.943e-06 0.000224982
2 5.279e-06 0.000258158
3 5.158e-06 0.000239514
4 5.185e-06 0.000220181
5 5.193e-06 0.000222063
6 5.311e-06 0.000170849
7 5.263e-06 0.000429917
8 5.167e-06 0.000221946
9 5.324e-06 0.00073493
10 5.145e-06 0.000260615
20 5.3e-06 0.000513722
40 5.402e-06 0.000266402
60 5.56e-06 0.000291286
80 5.662e-06 0.000232341
100 5.995e-06 0.000236918
200 6.376e-06 0.000292852
400 7.543e-06 0.00026328
600 8.73e-06 0.000253301
800 9.851e-06 0.000250317
1000 1.1108e-05 0.000343055
2000 1.6916e-05 0.000208106
4000 3.3982e-05 0.000220467
6000 4.0252e-05 0.000196256
8000 5.2078e-05 0.000203553
10000 6.3722e-05 0.000230125
20000 0.000122194 0.000250172
40000 0.000239429 0.000295835
60000 0.00035613 0.000365445
80000 0.000476077 0.000368466
100000 0.000618604 0.000389654
200000 0.00118155 0.000575602
400000 0.00240223 0.000875079
600000 0.00355048 0.00121538
800000 0.00471718 0.00153416
1000000 0.0059165 0.00232736
2000000 0.0117972 0.00345132
4000000 0.0235511 0.00662281
6000000 0.0351741 0.00979835
8000000 0.0468591 0.0133363
10000000 0.0585903 0.0162447
20000000 0.117143 0.0320256
40000000 0.234317 0.0639599
60000000 0.351378 0.0956524
80000000 0.468447 0.127587
100000000 0.585596 0.159132
