1 1.1045e-05 0.000241017
2 1.5524e-05 0.000234585
3 2.0713e-05 0.000210771
4 2.6053e-05 0.000221226
5 3.0374e-05 0.00021277
6 3.613e-05 0.000267903
7 4.1413e-05 0.000258861
8 4.6504e-05 0.000225691
9 5.1864e-05 0.000229964
10 5.6226e-05 0.00020631
20 0.000107803 0.000205626
40 0.000211394 0.000276343
60 0.000314739 0.000281266
80 0.000446821 0.000293211
100 0.00052169 0.000264815
200 0.00104264 0.000378097
400 0.00207793 0.000450785
600 0.00314076 0.000479727
800 0.00417626 0.000570719
1000 0.00523021 0.000774224
2000 0.010453 0.00113387
4000 0.0208396 0.00225412
6000 0.0311853 0.00300867
8000 0.0415222 0.00391984
10000 0.051878 0.00485691
20000 0.103716 0.00954004
40000 0.207342 0.0190842
60000 0.311054 0.0282066
80000 0.41441 0.0375056
100000 0.518024 0.0469927
200000 1.03595 0.0932952
400000 2.07163 0.186875
600000 3.10739 0.279865
800000 4.14258 0.37491
1000000 5.17836 0.466418
2000000 10.3566 0.93404
4000000 20.713 1.86789
6000000 31.0696 2.79579
8000000 41.4273 3.72838
10000000 51.7826 4.66634
20000000 103.578 9.33976
40000000 207.152 18.6139
60000000 310.736 27.934
80000000 414.309 37.454
100000000 517.894 46.4542
