1 5.943e-06 0.000357702
2 5.279e-06 0.00033934
3 5.158e-06 0.000395967
4 5.185e-06 0.000316624
5 5.193e-06 0.00030671
6 5.311e-06 0.000864404
7 5.263e-06 0.000320648
8 5.167e-06 0.00034138
9 5.324e-06 0.000383274
10 5.145e-06 0.000398174
20 5.3e-06 0.000270492
40 5.402e-06 0.000850358
60 5.56e-06 0.000366715
80 5.662e-06 0.000262635
100 5.995e-06 0.000403366
200 6.376e-06 0.000365931
400 7.543e-06 0.000345216
600 8.73e-06 0.000395815
800 9.851e-06 0.00036028
1000 1.1108e-05 0.000316736
2000 1.6916e-05 0.000307746
4000 3.3982e-05 0.00029982
6000 4.0252e-05 0.000291147
8000 5.2078e-05 0.000299584
10000 6.3722e-05 0.000278698
20000 0.000122194 0.000297799
40000 0.000239429 0.000327393
60000 0.00035613 0.000408083
80000 0.000476077 0.000378723
100000 0.000618604 0.000402681
200000 0.00118155 0.000616715
400000 0.00240223 0.000703509
600000 0.00355048 0.000898285
800000 0.00471718 0.00104493
1000000 0.0059165 0.00128904
2000000 0.0117972 0.00201201
4000000 0.0235511 0.00360838
6000000 0.0351741 0.00526987
8000000 0.0468591 0.00682338
10000000 0.0585903 0.00834519
20000000 0.117143 0.0163332
40000000 0.234317 0.0323014
60000000 0.351378 0.048136
80000000 0.468447 0.064182
100000000 0.585596 0.0799757
