1 5.943e-06 0.000197808
2 5.279e-06 0.000145392
3 5.158e-06 0.000147291
4 5.185e-06 0.000617602
5 5.193e-06 0.000138873
6 5.311e-06 0.000155274
7 5.263e-06 0.000133864
8 5.167e-06 0.000134963
9 5.324e-06 0.000147034
10 5.145e-06 0.000127479
20 5.3e-06 0.000127746
40 5.402e-06 0.00018525
60 5.56e-06 0.000124075
80 5.662e-06 0.00012692
100 5.995e-06 0.000165389
200 6.376e-06 0.000141941
400 7.543e-06 0.000132442
600 8.73e-06 0.000148716
800 9.851e-06 0.000120609
1000 1.1108e-05 0.000126444
2000 1.6916e-05 0.000134431
4000 3.3982e-05 0.000211849
6000 4.0252e-05 0.000145627
8000 5.2078e-05 0.000171149
10000 6.3722e-05 0.000183037
20000 0.000122194 0.00040681
40000 0.000239429 0.000375822
60000 0.00035613 0.000501748
80000 0.000476077 0.000624614
100000 0.000618604 0.00088958
200000 0.00118155 0.00143073
400000 0.00240223 0.00255345
600000 0.00355048 0.00395017
800000 0.00471718 0.00508849
1000000 0.0059165 0.00621384
2000000 0.0117972 0.0128588
4000000 0.0235511 0.0253933
6000000 0.0351741 0.0382963
8000000 0.0468591 0.0483747
10000000 0.0585903 0.0602758
20000000 0.117143 0.120207
40000000 0.234317 0.240606
60000000 0.351378 0.360312
80000000 0.468447 0.481101
100000000 0.585596 0.600628
