1 1.1045e-05 0.000151222
2 1.5524e-05 0.000140147
3 2.0713e-05 0.000153308
4 2.6053e-05 0.000153255
5 3.0374e-05 0.000139664
6 3.613e-05 0.000154438
7 4.1413e-05 0.000165001
8 4.6504e-05 0.000179088
9 5.1864e-05 0.000169384
10 5.6226e-05 0.000159894
20 0.000107803 0.000177192
40 0.000211394 0.000184373
60 0.000314739 0.000208901
80 0.000446821 0.000270026
100 0.00052169 0.000268905
200 0.00104264 0.000396154
400 0.00207793 0.00071782
600 0.00314076 0.00101265
800 0.00417626 0.00122239
1000 0.00523021 0.00172174
2000 0.010453 0.00281187
4000 0.0208396 0.00548991
6000 0.0311853 0.00813788
8000 0.0415222 0.0113201
10000 0.051878 0.0135119
20000 0.103716 0.0269075
40000 0.207342 0.0535938
60000 0.311054 0.0791995
80000 0.41441 0.111647
100000 0.518024 0.13194
200000 1.03595 0.262264
400000 2.07163 0.547484
600000 3.10739 0.790265
800000 4.14258 1.06296
1000000 5.17836 1.34255
2000000 10.3566 2.74044
4000000 20.713 5.44046
6000000 31.0696 8.12317
8000000 41.4273 10.6274
10000000 51.7826 13.8765
20000000 103.578 27.6939
40000000 207.152 54.8799
60000000 310.736 79.6062
80000000 414.309 107.045
100000000 517.894 137.06
