1 5.098e-06 0.000238293
2 5.509e-06 0.000236929
3 5.301e-06 0.000314671
4 5.39e-06 0.000258928
5 5.509e-06 0.000290716
6 5.435e-06 0.000292805
7 5.447e-06 0.00023887
8 5.625e-06 0.000284958
9 5.583e-06 0.000315876
10 5.857e-06 0.00024197
20 6.309e-06 0.000260281
40 7.317e-06 0.00033341
60 8.447e-06 0.000296126
80 9.554e-06 0.000338272
100 1.0456e-05 0.000213017
200 1.5689e-05 0.000269387
400 2.6488e-05 0.000290556
600 3.699e-05 0.000319611
800 4.7393e-05 0.000260746
1000 5.8232e-05 0.000270464
2000 0.000114918 0.000274349
4000 0.000216286 0.00025816
6000 0.000327724 0.000291293
8000 0.000432729 0.000304136
10000 0.00056162 0.000346201
20000 0.00109639 0.00038832
40000 0.00215135 0.000591796
60000 0.00321094 0.000649926
80000 0.00430145 0.000765176
100000 0.00536856 0.00085272
200000 0.0106653 0.0013321
400000 0.0212216 0.00238215
600000 0.031837 0.00340644
800000 0.0424953 0.00446886
1000000 0.0530162 0.00555385
2000000 0.105989 0.0106807
4000000 0.211993 0.0210312
6000000 0.318108 0.0313256
8000000 0.424025 0.0416829
10000000 0.530145 0.0520276
20000000 1.06017 0.103701
40000000 2.11957 0.20783
60000000 3.1797 0.310223
80000000 4.23958 0.413348
100000000 5.29918 0.516665
