1 5.943e-06 0.000235073
2 5.279e-06 0.000229932
3 5.158e-06 0.000184751
4 5.185e-06 0.000191393
5 5.193e-06 0.000205834
6 5.311e-06 0.000190322
7 5.263e-06 0.000227423
8 5.167e-06 0.000219041
9 5.324e-06 0.000220589
10 5.145e-06 0.000165409
20 5.3e-06 0.000213717
40 5.402e-06 0.000182707
60 5.56e-06 0.000231268
80 5.662e-06 0.000192346
100 5.995e-06 0.000176745
200 6.376e-06 0.000208787
400 7.543e-06 0.000193569
600 8.73e-06 0.000183334
800 9.851e-06 0.000214499
1000 1.1108e-05 0.000279474
2000 1.6916e-05 0.000331597
4000 3.3982e-05 0.000552096
6000 4.0252e-05 0.00080359
8000 5.2078e-05 0.00100953
10000 6.3722e-05 0.00120321
20000 0.000122194 0.00241669
40000 0.000239429 0.00455334
60000 0.00035613 0.00675779
80000 0.000476077 0.00897523
100000 0.000618604 0.010435
200000 0.00118155 0.0209243
400000 0.00240223 0.0418825
600000 0.00355048 0.0605392
800000 0.00471718 0.0778134
1000000 0.0059165 0.106027
2000000 0.0117972 0.203991
4000000 0.0235511 0.387312
6000000 0.0351741 0.612576
8000000 0.0468591 0.847353
10000000 0.0585903 1.0718
20000000 0.117143 2.05416
40000000 0.234317 4.31869
60000000 0.351378 5.84393
80000000 0.468447 8.66232
100000000 0.585596 10.6576
