1 7.444e-06 0.000161803
2 6.293e-06 0.00013087
3 6.693e-06 0.000107145
4 7.207e-06 0.000102535
5 7.702e-06 0.000103457
6 8.144e-06 0.000120684
7 8.857e-06 0.000138008
8 9.922e-06 0.000112313
9 9.841e-06 0.000106702
10 1.0182e-05 0.000143846
20 1.5471e-05 0.000118909
40 2.5821e-05 0.000123289
60 4.0656e-05 0.000117679
80 4.6629e-05 0.000148306
100 5.6924e-05 0.000203519
200 0.000109027 0.000261625
400 0.000212896 0.000412783
600 0.000316985 0.000458624
800 0.000420896 0.000562831
1000 0.000529486 0.000716056
2000 0.0010505 0.0013907
4000 0.00209084 0.00235253
6000 0.00315802 0.0033354
8000 0.00419673 0.00448775
10000 0.00526244 0.00547676
20000 0.010487 0.0109402
40000 0.0208644 0.0212097
60000 0.031292 0.0317454
80000 0.041696 0.0423981
100000 0.0520837 0.0528139
200000 0.104073 0.105814
400000 0.208085 0.215962
600000 0.312141 0.314754
800000 0.416172 0.419622
1000000 0.52019 0.52521
2000000 1.04041 1.04905
4000000 2.13639 2.09737
6000000 3.12151 3.14617
8000000 4.16225 4.19563
10000000 5.20276 5.24415
20000000 10.4051 10.4882
40000000 20.8076 20.9733
60000000 31.2123 31.4598
80000000 41.621 41.9458
100000000 52.0201 52.4333
