1 5.098e-06 0.00020115
2 5.509e-06 0.000174089
3 5.301e-06 0.000180725
4 5.39e-06 0.000223091
5 5.509e-06 0.000181549
6 5.435e-06 0.000175767
7 5.447e-06 0.000190686
8 5.625e-06 0.000179742
9 5.583e-06 0.000189694
10 5.857e-06 0.000169315
20 6.309e-06 0.000200032
40 7.317e-06 0.000204351
60 8.447e-06 0.000181112
80 9.554e-06 0.000196553
100 1.0456e-05 0.000190579
200 1.5689e-05 0.000211307
400 2.6488e-05 0.000243835
600 3.699e-05 0.000205865
800 4.7393e-05 0.000194411
1000 5.8232e-05 0.000310977
2000 0.000114918 0.000679498
4000 0.000216286 0.0012551
6000 0.000327724 0.00151566
8000 0.000432729 0.00212432
10000 0.00056162 0.00281289
20000 0.00109639 0.00512533
40000 0.00215135 0.00967753
60000 0.00321094 0.0156387
80000 0.00430145 0.0190566
100000 0.00536856 0.0250229
200000 0.0106653 0.0504646
400000 0.0212216 0.0952332
600000 0.031837 0.146717
800000 0.0424953 0.197162
1000000 0.0530162 0.233639
2000000 0.105989 0.489408
4000000 0.211993 0.973041
6000000 0.318108 1.44107
8000000 0.424025 1.88005
10000000 0.530145 2.4047
20000000 1.06017 4.92348
40000000 2.11957 9.31061
60000000 3.1797 14.1857
80000000 4.23958 19.9416
100000000 5.29918 25.0606
