1 5.943e-06 0.000117048
2 5.279e-06 9.5016e-05
3 5.158e-06 0.000110423
4 5.185e-06 0.000100462
5 5.193e-06 9.7729e-05
6 5.311e-06 9.818e-05
7 5.263e-06 9.973e-05
8 5.167e-06 0.000107833
9 5.324e-06 0.000111874
10 5.145e-06 0.00010944
20 5.3e-06 0.000106795
40 5.402e-06 8.2277e-05
60 5.56e-06 9.8907e-05
80 5.662e-06 0.000112175
100 5.995e-06 8.726e-05
200 6.376e-06 9.8143e-05
400 7.543e-06 0.000110938
600 8.73e-06 0.000154972
800 9.851e-06 0.000113506
1000 1.1108e-05 0.00010298
2000 1.6916e-05 0.000222757
4000 3.3982e-05 0.000299754
6000 4.0252e-05 0.000200361
8000 5.2078e-05 0.000252063
10000 6.3722e-05 0.000286967
20000 0.000122194 0.000503661
40000 0.000239429 0.000867853
60000 0.00035613 0.00125092
80000 0.000476077 0.00165999
100000 0.000618604 0.00201835
200000 0.00118155 0.0039406
400000 0.00240223 0.00764416
600000 0.00355048 0.0116347
800000 0.00471718 0.0150197
1000000 0.0059165 0.018753
2000000 0.0117972 0.0384874
4000000 0.0235511 0.0727703
6000000 0.0351741 0.108896
8000000 0.0468591 0.145097
10000000 0.0585903 0.181158
20000000 0.117143 0.362344
40000000 0.234317 0.723524
60000000 0.351378 1.08585
80000000 0.468447 1.44648
100000000 0.585596 1.80807
