1 1.1045e-05 0.000133226
2 1.5524e-05 0.000108875
3 2.0713e-05 0.000112541
4 2.6053e-05 0.00012279
5 3.0374e-05 0.000126033
6 3.613e-05 0.000112022
7 4.1413e-05 0.000220216
8 4.6504e-05 0.000232268
9 5.1864e-05 0.000126618
10 5.6226e-05 0.000173854
20 0.000107803 0.000313389
40 0.000211394 0.000322458
60 0.000314739 0.000483904
80 0.000446821 0.000533714
100 0.00052169 0.000761828
200 0.00104264 0.00114057
400 0.00207793 0.00230462
600 0.00314076 0.00327083
800 0.00417626 0.00431974
1000 0.00523021 0.00532868
2000 0.010453 0.0106895
4000 0.0208396 0.0213663
6000 0.0311853 0.0314058
8000 0.0415222 0.0420685
10000 0.051878 0.0521308
20000 0.103716 0.104102
40000 0.207342 0.207864
60000 0.311054 0.311526
80000 0.41441 0.41983
100000 0.518024 0.518822
200000 1.03595 1.03742
400000 2.07163 2.07421
600000 3.10739 3.11142
800000 4.14258 4.14791
1000000 5.17836 5.19725
2000000 10.3566 10.3802
4000000 20.713 20.7526
6000000 31.0696 31.1052
8000000 41.4273 41.4746
10000000 51.7826 51.856
20000000 103.578 103.688
40000000 207.152 207.391
60000000 310.736 311.055
80000000 414.309 414.764
100000000 517.894 518.542
