1 1.1045e-05 0.000200659
2 1.5524e-05 0.000120473
3 2.0713e-05 0.000175556
4 2.6053e-05 0.000125423
5 3.0374e-05 0.000130402
6 3.613e-05 0.000117409
7 4.1413e-05 0.000227871
8 4.6504e-05 0.000203338
9 5.1864e-05 0.000146419
10 5.6226e-05 0.000152359
20 0.000107803 0.000449839
40 0.000211394 0.00032728
60 0.000314739 0.000469105
80 0.000446821 0.000572483
100 0.00052169 0.000682427
200 0.00104264 0.00127549
400 0.00207793 0.00228333
600 0.00314076 0.00342295
800 0.00417626 0.00440673
1000 0.00523021 0.00538397
2000 0.010453 0.0105581
4000 0.0208396 0.0211094
6000 0.0311853 0.0315156
8000 0.0415222 0.0418932
10000 0.051878 0.0520939
20000 0.103716 0.104057
40000 0.207342 0.207625
60000 0.311054 0.311445
80000 0.41441 0.414762
100000 0.518024 0.518818
200000 1.03595 1.03663
400000 2.07163 2.07346
600000 3.10739 3.10969
800000 4.14258 4.14654
1000000 5.17836 5.18218
2000000 10.3566 10.3645
4000000 20.713 20.7292
6000000 31.0696 31.0973
8000000 41.4273 41.4569
10000000 51.7826 51.8249
20000000 103.578 103.649
40000000 207.152 207.284
60000000 310.736 310.925
80000000 414.309 414.587
100000000 517.894 518.318
