1 5.943e-06 0.000397219
2 5.279e-06 0.00017431
3 5.158e-06 0.000336807
4 5.185e-06 0.000192043
5 5.193e-06 0.000162693
6 5.311e-06 0.000381208
7 5.263e-06 0.00025377
8 5.167e-06 0.000180861
9 5.324e-06 0.000452046
10 5.145e-06 0.000172688
20 5.3e-06 0.000682011
40 5.402e-06 0.000345532
60 5.56e-06 0.000229304
80 5.662e-06 0.000222325
100 5.995e-06 0.000192657
200 6.376e-06 0.000176553
400 7.543e-06 0.000234514
600 8.73e-06 0.000236038
800 9.851e-06 0.000256153
1000 1.1108e-05 0.000159295
2000 1.6916e-05 0.000186426
4000 3.3982e-05 0.000179594
6000 4.0252e-05 0.000203774
8000 5.2078e-05 0.000186789
10000 6.3722e-05 0.000195871
20000 0.000122194 0.000217819
40000 0.000239429 0.000343847
60000 0.00035613 0.000367439
80000 0.000476077 0.000517123
100000 0.000618604 0.000486836
200000 0.00118155 0.000815491
400000 0.00240223 0.00160879
600000 0.00355048 0.00212838
800000 0.00471718 0.00272378
1000000 0.0059165 0.00336601
2000000 0.0117972 0.00652817
4000000 0.0235511 0.0129017
6000000 0.0351741 0.0192583
8000000 0.0468591 0.0255968
10000000 0.0585903 0.0319573
20000000 0.117143 0.0636958
40000000 0.234317 0.127427
60000000 0.351378 0.190807
80000000 0.468447 0.248529
100000000 0.585596 0.317729
