1 1.1045e-05 0.000206964
2 1.5524e-05 0.00013735
3 2.0713e-05 0.000179227
4 2.6053e-05 0.000134207
5 3.0374e-05 0.000176919
6 3.613e-05 0.000135452
7 4.1413e-05 0.000203007
8 4.6504e-05 0.000176948
9 5.1864e-05 0.000244774
10 5.6226e-05 0.000141624
20 0.000107803 0.00018036
40 0.000211394 0.000223217
60 0.000314739 0.000272896
80 0.000446821 0.000377385
100 0.00052169 0.00054603
200 0.00104264 0.000823254
400 0.00207793 0.00124628
600 0.00314076 0.00196718
800 0.00417626 0.00219706
1000 0.00523021 0.00297502
2000 0.010453 0.00553169
4000 0.0208396 0.0106884
6000 0.0311853 0.0160399
8000 0.0415222 0.0210903
10000 0.051878 0.0262678
20000 0.103716 0.052222
40000 0.207342 0.103992
60000 0.311054 0.156008
80000 0.41441 0.210837
100000 0.518024 0.259735
200000 1.03595 0.518881
400000 2.07163 1.03755
600000 3.10739 1.55611
800000 4.14258 2.07499
1000000 5.17836 2.59567
2000000 10.3566 5.18682
4000000 20.713 10.3796
6000000 31.0696 15.5621
8000000 41.4273 20.7555
10000000 51.7826 25.937
20000000 103.578 51.8724
40000000 207.152 103.755
60000000 310.736 155.617
80000000 414.309 207.547
100000000 517.894 259.463
