1 7.444e-06 0.000184897
2 6.293e-06 0.000219524
3 6.693e-06 0.000193617
4 7.207e-06 0.000189597
5 7.702e-06 0.000182007
6 8.144e-06 0.000195708
7 8.857e-06 0.000195817
8 9.922e-06 0.000198587
9 9.841e-06 0.000212464
10 1.0182e-05 0.000214051
20 1.5471e-05 0.000197977
40 2.5821e-05 0.000222497
60 4.0656e-05 0.000504356
80 4.6629e-05 0.000199917
100 5.6924e-05 0.000243839
200 0.000109027 0.000230554
400 0.000212896 0.000232121
600 0.000316985 0.000242614
800 0.000420896 0.000311165
1000 0.000529486 0.00032353
2000 0.0010505 0.000676113
4000 0.00209084 0.000728444
6000 0.00315802 0.00099129
8000 0.00419673 0.0012657
10000 0.00526244 0.00156929
20000 0.010487 0.00296674
40000 0.0208644 0.00574903
60000 0.031292 0.00856375
80000 0.041696 0.0112977
100000 0.0520837 0.014058
200000 0.104073 0.0279879
400000 0.208085 0.0540828
600000 0.312141 0.0791721
800000 0.416172 0.111404
1000000 0.52019 0.139092
2000000 1.04041 0.277984
4000000 2.13639 0.537935
6000000 3.12151 0.833345
8000000 4.16225 1.11106
10000000 5.20276 1.38869
20000000 10.4051 2.75829
40000000 20.8076 5.52743
60000000 31.2123 7.95511
80000000 41.621 10.7856
100000000 52.0201 13.2068
