1 5.098e-06 0.000157388
2 5.509e-06 0.000150966
3 5.301e-06 0.000155728
4 5.39e-06 0.000133751
5 5.509e-06 0.000147763
6 5.435e-06 0.000135945
7 5.447e-06 0.000149872
8 5.625e-06 0.000602006
9 5.583e-06 0.000141825
10 5.857e-06 0.0001564
20 6.309e-06 0.000116341
40 7.317e-06 0.000114919
60 8.447e-06 0.000128912
80 9.554e-06 0.000161283
100 1.0456e-05 0.000146245
200 1.5689e-05 0.000157757
400 2.6488e-05 0.000239675
600 3.699e-05 0.000235799
800 4.7393e-05 0.0003108
1000 5.8232e-05 0.000288227
2000 0.000114918 0.000620908
4000 0.000216286 0.00113359
6000 0.000327724 0.00165804
8000 0.000432729 0.00231013
10000 0.00056162 0.00291847
20000 0.00109639 0.0056517
40000 0.00215135 0.0111901
60000 0.00321094 0.0164259
80000 0.00430145 0.0217053
100000 0.00536856 0.0275027
200000 0.0106653 0.0544215
400000 0.0212216 0.108957
600000 0.031837 0.14922
800000 0.0424953 0.21652
1000000 0.0530162 0.265665
2000000 0.105989 0.548232
4000000 0.211993 1.0821
6000000 0.318108 1.65375
8000000 0.424025 2.14568
10000000 0.530145 2.79563
20000000 1.06017 5.44298
40000000 2.11957 10.8314
60000000 3.1797 15.3964
80000000 4.23958 21.6449
100000000 5.29918 26.4663
