1 7.444e-06 0.000354127
2 6.293e-06 0.00025529
3 6.693e-06 0.00027035
4 7.207e-06 0.000253228
5 7.702e-06 0.000288926
6 8.144e-06 0.000285797
7 8.857e-06 0.000256821
8 9.922e-06 0.000274101
9 9.841e-06 0.000300625
10 1.0182e-05 0.000255531
20 1.5471e-05 0.000260519
40 2.5821e-05 0.000275021
60 4.0656e-05 0.000258764
80 4.6629e-05 0.000309435
100 5.6924e-05 0.000273268
200 0.000109027 0.000283415
400 0.000212896 0.000298968
600 0.000316985 0.000420011
800 0.000420896 0.000490506
1000 0.000529486 0.000618026
2000 0.0010505 0.00104534
4000 0.00209084 0.00221721
6000 0.00315802 0.00295987
8000 0.00419673 0.00401441
10000 0.00526244 0.00478624
20000 0.010487 0.0093746
40000 0.0208644 0.0192354
60000 0.031292 0.0279957
80000 0.041696 0.0370542
100000 0.0520837 0.0483534
200000 0.104073 0.093907
400000 0.208085 0.188689
600000 0.312141 0.28715
800000 0.416172 0.383087
1000000 0.52019 0.472521
2000000 1.04041 0.958481
4000000 2.13639 1.89742
6000000 3.12151 2.84585
8000000 4.16225 3.841
10000000 5.20276 4.68295
20000000 10.4051 9.54194
40000000 20.8076 18.8073
60000000 31.2123 28.8815
80000000 41.621 38.2023
100000000 52.0201 47.9211
