1 1.1045e-05 0.000262723
2 1.5524e-05 0.000303456
3 2.0713e-05 0.000216054
4 2.6053e-05 0.000324088
5 3.0374e-05 0.000244832
6 3.613e-05 0.000276209
7 4.1413e-05 0.000253831
8 4.6504e-05 0.000257557
9 5.1864e-05 0.00120778
10 5.6226e-05 0.000254599
20 0.000107803 0.00023058
40 0.000211394 0.000297829
60 0.000314739 0.000268336
80 0.000446821 0.000364475
100 0.00052169 0.00037627
200 0.00104264 0.000414572
400 0.00207793 0.000719396
600 0.00314076 0.00120403
800 0.00417626 0.00082003
1000 0.00523021 0.00112531
2000 0.010453 0.00227219
4000 0.0208396 0.00306593
6000 0.0311853 0.0046469
8000 0.0415222 0.00583847
10000 0.051878 0.00714941
20000 0.103716 0.0140457
40000 0.207342 0.0278453
60000 0.311054 0.0414946
80000 0.41441 0.0551897
100000 0.518024 0.0690168
200000 1.03595 0.13755
400000 2.07163 0.27478
600000 3.10739 0.412105
800000 4.14258 0.549448
1000000 5.17836 0.686732
2000000 10.3566 1.37325
4000000 20.713 2.74666
6000000 31.0696 4.11928
8000000 41.4273 5.49209
10000000 51.7826 6.86527
20000000 103.578 13.7297
40000000 207.152 27.4565
60000000 310.736 41.2027
80000000 414.309 54.9191
100000000 517.894 68.6447
