1 5.098e-06 0.000172487
2 5.509e-06 0.000150661
3 5.301e-06 0.000133266
4 5.39e-06 0.000152721
5 5.509e-06 0.000169882
6 5.435e-06 0.000160183
7 5.447e-06 0.00012805
8 5.625e-06 0.000129058
9 5.583e-06 0.000139935
10 5.857e-06 0.000122735
20 6.309e-06 0.000107119
40 7.317e-06 0.000105873
60 8.447e-06 0.000140222
80 9.554e-06 0.000159823
100 1.0456e-05 0.000160682
200 1.5689e-05 0.000136067
400 2.6488e-05 0.00018363
600 3.699e-05 0.000186701
800 4.7393e-05 0.000164234
1000 5.8232e-05 0.000140197
2000 0.000114918 0.000173033
4000 0.000216286 0.000250908
6000 0.000327724 0.000316923
8000 0.000432729 0.000403481
10000 0.00056162 0.0004283
20000 0.00109639 0.000759886
40000 0.00215135 0.00137859
60000 0.00321094 0.00201759
80000 0.00430145 0.00248819
100000 0.00536856 0.0032366
200000 0.0106653 0.00634564
400000 0.0212216 0.012548
600000 0.031837 0.0177931
800000 0.0424953 0.0236489
1000000 0.0530162 0.0298186
2000000 0.105989 0.0587719
4000000 0.211993 0.117204
6000000 0.318108 0.175793
8000000 0.424025 0.240425
10000000 0.530145 0.292726
20000000 1.06017 0.586832
40000000 2.11957 1.18188
60000000 3.1797 1.75692
80000000 4.23958 2.34202
100000000 5.29918 2.95596
