1 5.098e-06 0.000248511
2 5.509e-06 0.000210601
3 5.301e-06 0.000200972
4 5.39e-06 0.00029726
5 5.509e-06 0.000205252
6 5.435e-06 0.000356486
7 5.447e-06 0.000193946
8 5.625e-06 0.000176928
9 5.583e-06 0.000222861
10 5.857e-06 0.000173226
20 6.309e-06 0.00019092
40 7.317e-06 0.000170354
60 8.447e-06 0.000169841
80 9.554e-06 0.000170859
100 1.0456e-05 0.000252862
200 1.5689e-05 0.000194267
400 2.6488e-05 0.000205382
600 3.699e-05 0.00019499
800 4.7393e-05 0.000172812
1000 5.8232e-05 0.000156664
2000 0.000114918 0.000203523
4000 0.000216286 0.000304871
6000 0.000327724 0.000248732
8000 0.000432729 0.000282919
10000 0.00056162 0.00033799
20000 0.00109639 0.00101534
40000 0.00215135 0.000801782
60000 0.00321094 0.00119824
80000 0.00430145 0.00143953
100000 0.00536856 0.00195199
200000 0.0106653 0.00330013
400000 0.0212216 0.00640405
600000 0.031837 0.00957865
800000 0.0424953 0.0126741
1000000 0.0530162 0.0150772
2000000 0.105989 0.0311622
4000000 0.211993 0.0621367
6000000 0.318108 0.0931078
8000000 0.424025 0.124079
10000000 0.530145 0.155068
20000000 1.06017 0.293677
40000000 2.11957 0.586406
60000000 3.1797 0.929074
80000000 4.23958 1.18873
100000000 5.29918 1.54833
