1 5.098e-06 0.000137565
2 5.509e-06 0.000152699
3 5.301e-06 0.000101934
4 5.39e-06 0.000101071
5 5.509e-06 9.0556e-05
6 5.435e-06 0.000151513
7 5.447e-06 0.000100679
8 5.625e-06 0.000116841
9 5.583e-06 0.000126055
10 5.857e-06 0.000102783
20 6.309e-06 0.000155098
40 7.317e-06 0.00010306
60 8.447e-06 0.000134119
80 9.554e-06 0.000148323
100 1.0456e-05 0.000147391
200 1.5689e-05 0.000120042
400 2.6488e-05 0.000207694
600 3.699e-05 0.000256905
800 4.7393e-05 0.000159439
1000 5.8232e-05 0.000161602
2000 0.000114918 0.000217352
4000 0.000216286 0.000371827
6000 0.000327724 0.000476606
8000 0.000432729 0.000601397
10000 0.00056162 0.000743377
20000 0.00109639 0.00137634
40000 0.00215135 0.00247716
60000 0.00321094 0.0040569
80000 0.00430145 0.00511818
100000 0.00536856 0.0060928
200000 0.0106653 0.0125809
400000 0.0212216 0.0249202
600000 0.031837 0.0373079
800000 0.0424953 0.0471667
1000000 0.0530162 0.058731
2000000 0.105989 0.117232
4000000 0.211993 0.236789
6000000 0.318108 0.351183
8000000 0.424025 0.467836
10000000 0.530145 0.584928
20000000 1.06017 1.16952
40000000 2.11957 2.33893
60000000 3.1797 3.5076
80000000 4.23958 4.67682
100000000 5.29918 5.84595
