1 7.444e-06 0.000150748
2 6.293e-06 0.000151275
3 6.693e-06 0.000123432
4 7.207e-06 0.000140657
5 7.702e-06 0.000147399
6 8.144e-06 0.000148834
7 8.857e-06 0.000146664
8 9.922e-06 0.00018731
9 9.841e-06 0.000149185
10 1.0182e-05 0.000158042
20 1.5471e-05 0.000160223
40 2.5821e-05 0.000121462
60 4.0656e-05 0.000162575
80 4.6629e-05 0.00014673
100 5.6924e-05 0.000230084
200 0.000109027 0.000172839
400 0.000212896 0.000244256
600 0.000316985 0.000380396
800 0.000420896 0.000398237
1000 0.000529486 0.00057549
2000 0.0010505 0.000717533
4000 0.00209084 0.00125285
6000 0.00315802 0.00170483
8000 0.00419673 0.00231227
10000 0.00526244 0.00276284
20000 0.010487 0.00542711
40000 0.0208644 0.0107841
60000 0.031292 0.0160163
80000 0.041696 0.0213308
100000 0.0520837 0.0265211
200000 0.104073 0.052812
400000 0.208085 0.105239
600000 0.312141 0.158583
800000 0.416172 0.210234
1000000 0.52019 0.262601
2000000 1.04041 0.525105
4000000 2.13639 1.04988
6000000 3.12151 1.57442
8000000 4.16225 2.09991
10000000 5.20276 2.62503
20000000 10.4051 5.24889
40000000 20.8076 10.4955
60000000 31.2123 15.7432
80000000 41.621 20.9958
100000000 52.0201 26.2413
