1 5.098e-06 0.000183729
2 5.509e-06 0.000269349
3 5.301e-06 0.000238339
4 5.39e-06 0.000266202
5 5.509e-06 0.000213946
6 5.435e-06 0.00032468
7 5.447e-06 0.000520151
8 5.625e-06 0.00029224
9 5.583e-06 0.000261921
10 5.857e-06 0.000248235
20 6.309e-06 0.000297661
40 7.317e-06 0.000258061
60 8.447e-06 0.000387496
80 9.554e-06 0.000280639
100 1.0456e-05 0.000297836
200 1.5689e-05 0.000265021
400 2.6488e-05 0.000261761
600 3.699e-05 0.000263873
800 4.7393e-05 0.000233183
1000 5.8232e-05 0.000224212
2000 0.000114918 0.000240181
4000 0.000216286 0.000244005
6000 0.000327724 0.000280879
8000 0.000432729 0.000287261
10000 0.00056162 0.000358425
20000 0.00109639 0.000377722
40000 0.00215135 0.000541932
60000 0.00321094 0.000743633
80000 0.00430145 0.000856707
100000 0.00536856 0.00101764
200000 0.0106653 0.00176343
400000 0.0212216 0.00334503
600000 0.031837 0.00491683
800000 0.0424953 0.00646738
1000000 0.0530162 0.00798065
2000000 0.105989 0.0157544
4000000 0.211993 0.0312991
6000000 0.318108 0.0498375
8000000 0.424025 0.0622277
10000000 0.530145 0.0777826
20000000 1.06017 0.155155
40000000 2.11957 0.310008
60000000 3.1797 0.464929
80000000 4.23958 0.619862
100000000 5.29918 0.774627
