1 5.098e-06 0.000272841
2 5.509e-06 0.000302521
3 5.301e-06 0.000262806
4 5.39e-06 0.000271638
5 5.509e-06 0.000746595
6 5.435e-06 0.00027549
7 5.447e-06 0.000247191
8 5.625e-06 0.000268625
9 5.583e-06 0.000281329
10 5.857e-06 0.000816928
20 6.309e-06 0.000302838
40 7.317e-06 0.000259109
60 8.447e-06 0.000310884
80 9.554e-06 0.000312062
100 1.0456e-05 0.000281865
200 1.5689e-05 0.000276063
400 2.6488e-05 0.000321087
600 3.699e-05 0.000271367
800 4.7393e-05 0.000294822
1000 5.8232e-05 0.000309073
2000 0.000114918 0.000621835
4000 0.000216286 0.00104595
6000 0.000327724 0.00152211
8000 0.000432729 0.00189465
10000 0.00056162 0.00247954
20000 0.00109639 0.00468535
40000 0.00215135 0.00945384
60000 0.00321094 0.0136773
80000 0.00430145 0.0186448
100000 0.00536856 0.022103
200000 0.0106653 0.0443037
400000 0.0212216 0.0902233
600000 0.031837 0.133131
800000 0.0424953 0.181173
1000000 0.0530162 0.22549
2000000 0.105989 0.437321
4000000 0.211993 0.878422
6000000 0.318108 1.31066
8000000 0.424025 1.8112
10000000 0.530145 2.28246
20000000 1.06017 4.53975
40000000 2.11957 8.79691
60000000 3.1797 13.5839
80000000 4.23958 17.9103
100000000 5.29918 22.4886
