1 7.444e-06 0.000168253
2 6.293e-06 0.000203661
3 6.693e-06 0.000188172
4 7.207e-06 0.000172326
5 7.702e-06 0.000218827
6 8.144e-06 0.000217981
7 8.857e-06 0.000167098
8 9.922e-06 0.00020311
9 9.841e-06 0.000185595
10 1.0182e-05 0.000165624
20 1.5471e-05 0.000210333
40 2.5821e-05 0.000189443
60 4.0656e-05 0.000186821
80 4.6629e-05 0.000190075
100 5.6924e-05 0.000188881
200 0.000109027 0.00022031
400 0.000212896 0.000297824
600 0.000316985 0.000481057
800 0.000420896 0.000509905
1000 0.000529486 0.000595369
2000 0.0010505 0.00106604
4000 0.00209084 0.00188536
6000 0.00315802 0.00306128
8000 0.00419673 0.00410525
10000 0.00526244 0.00513011
20000 0.010487 0.0105484
40000 0.0208644 0.0203232
60000 0.031292 0.0301467
80000 0.041696 0.0373429
100000 0.0520837 0.0503189
200000 0.104073 0.0983945
400000 0.208085 0.201548
600000 0.312141 0.300515
800000 0.416172 0.400989
1000000 0.52019 0.490731
2000000 1.04041 0.977953
4000000 2.13639 2.05442
6000000 3.12151 3.08287
8000000 4.16225 4.10545
10000000 5.20276 5.06372
20000000 10.4051 9.79227
40000000 20.8076 20.0543
60000000 31.2123 30.0919
80000000 41.621 41.4257
100000000 52.0201 51.5561
