1 5.098e-06 0.000238572
2 5.509e-06 0.000228305
3 5.301e-06 0.000269515
4 5.39e-06 0.000232172
5 5.509e-06 0.000280248
6 5.435e-06 0.000203454
7 5.447e-06 0.000202134
8 5.625e-06 0.000237769
9 5.583e-06 0.000245281
10 5.857e-06 0.000199426
20 6.309e-06 0.000217048
40 7.317e-06 0.000236996
60 8.447e-06 0.000234859
80 9.554e-06 0.000226723
100 1.0456e-05 0.000262988
200 1.5689e-05 0.000227074
400 2.6488e-05 0.000255893
600 3.699e-05 0.000227932
800 4.7393e-05 0.000307189
1000 5.8232e-05 0.000270438
2000 0.000114918 0.000581148
4000 0.000216286 0.00104192
6000 0.000327724 0.00152453
8000 0.000432729 0.00197991
10000 0.00056162 0.0025096
20000 0.00109639 0.00463037
40000 0.00215135 0.00936313
60000 0.00321094 0.0142093
80000 0.00430145 0.0183668
100000 0.00536856 0.0229693
200000 0.0106653 0.0462593
400000 0.0212216 0.0909387
600000 0.031837 0.134826
800000 0.0424953 0.181448
1000000 0.0530162 0.22374
2000000 0.105989 0.461698
4000000 0.211993 0.889601
6000000 0.318108 1.36323
8000000 0.424025 1.88157
10000000 0.530145 2.2984
20000000 1.06017 4.60248
40000000 2.11957 9.47671
60000000 3.1797 13.8281
80000000 4.23958 18.5221
100000000 5.29918 22.9149
