1 7.444e-06 0.000138396
2 6.293e-06 0.000120829
3 6.693e-06 9.816e-05
4 7.207e-06 0.000107463
5 7.702e-06 9.9918e-05
6 8.144e-06 0.00011019
7 8.857e-06 9.6501e-05
8 9.922e-06 0.000112212
9 9.841e-06 9.9848e-05
10 1.0182e-05 0.00010654
20 1.5471e-05 0.000119677
40 2.5821e-05 0.000108694
60 4.0656e-05 0.000173506
80 4.6629e-05 0.000142505
100 5.6924e-05 0.000128541
200 0.000109027 0.000207607
400 0.000212896 0.0003153
600 0.000316985 0.000308134
800 0.000420896 0.000357889
1000 0.000529486 0.000439752
2000 0.0010505 0.000955387
4000 0.00209084 0.00164045
6000 0.00315802 0.00188005
8000 0.00419673 0.00238927
10000 0.00526244 0.00306691
20000 0.010487 0.00597653
40000 0.0208644 0.0118833
60000 0.031292 0.0174928
80000 0.041696 0.0230778
100000 0.0520837 0.0320753
200000 0.104073 0.060121
400000 0.208085 0.116494
600000 0.312141 0.172537
800000 0.416172 0.228655
1000000 0.52019 0.288255
2000000 1.04041 0.573532
4000000 2.13639 1.14483
6000000 3.12151 1.7107
8000000 4.16225 2.36682
10000000 5.20276 2.89556
20000000 10.4051 5.53676
40000000 20.8076 11.4876
60000000 31.2123 16.819
80000000 41.621 24.7919
100000000 52.0201 28.5925
