1 7.444e-06 0.000332732
2 6.293e-06 0.000324238
3 6.693e-06 0.000268758
4 7.207e-06 0.000326406
5 7.702e-06 0.000616326
6 8.144e-06 0.000289143
7 8.857e-06 0.000734354
8 9.922e-06 0.000264336
9 9.841e-06 0.000313065
10 1.0182e-05 0.000213967
20 1.5471e-05 0.000357347
40 2.5821e-05 0.000218258
60 4.0656e-05 0.00026894
80 4.6629e-05 0.000292292
100 5.6924e-05 0.000268832
200 0.000109027 0.000291267
400 0.000212896 0.000800942
600 0.000316985 0.000323404
800 0.000420896 0.000332694
1000 0.000529486 0.000334458
2000 0.0010505 0.000371854
4000 0.00209084 0.000515329
6000 0.00315802 0.000866839
8000 0.00419673 0.000681393
10000 0.00526244 0.000779935
20000 0.010487 0.00188533
40000 0.0208644 0.00269954
60000 0.031292 0.00385388
80000 0.041696 0.00405888
100000 0.0520837 0.00494415
200000 0.104073 0.0096064
400000 0.208085 0.0188775
600000 0.312141 0.0281256
800000 0.416172 0.0374528
1000000 0.52019 0.0466506
2000000 1.04041 0.0930246
4000000 2.13639 0.185728
6000000 3.12151 0.278229
8000000 4.16225 0.370764
10000000 5.20276 0.463465
20000000 10.4051 0.926399
40000000 20.8076 1.85282
60000000 31.2123 2.77916
80000000 41.621 3.70465
100000000 52.0201 4.63161
