1 5.098e-06 0.000114116
2 5.509e-06 8.4762e-05
3 5.301e-06 9.4906e-05
4 5.39e-06 0.000103531
5 5.509e-06 0.000105609
6 5.435e-06 9.4066e-05
7 5.447e-06 9.4748e-05
8 5.625e-06 0.000111728
9 5.583e-06 9.469e-05
10 5.857e-06 9.8072e-05
20 6.309e-06 0.000120927
40 7.317e-06 0.000132262
60 8.447e-06 0.000137643
80 9.554e-06 0.000102109
100 1.0456e-05 0.000104166
200 1.5689e-05 9.8441e-05
400 2.6488e-05 0.000177778
600 3.699e-05 0.000204359
800 4.7393e-05 0.000154895
1000 5.8232e-05 0.000155096
2000 0.000114918 0.000219304
4000 0.000216286 0.000342208
6000 0.000327724 0.000484615
8000 0.000432729 0.000612059
10000 0.00056162 0.000745574
20000 0.00109639 0.00140428
40000 0.00215135 0.00255424
60000 0.00321094 0.00393203
80000 0.00430145 0.00507422
100000 0.00536856 0.00676574
200000 0.0106653 0.0130831
400000 0.0212216 0.0246814
600000 0.031837 0.0389548
800000 0.0424953 0.0491382
1000000 0.0530162 0.061204
2000000 0.105989 0.121853
4000000 0.211993 0.250826
6000000 0.318108 0.382096
8000000 0.424025 0.486618
10000000 0.530145 0.627365
20000000 1.06017 1.22086
40000000 2.11957 2.43514
60000000 3.1797 3.64748
80000000 4.23958 4.86222
100000000 5.29918 6.07827
