1 7.444e-06 0.000253857
2 6.293e-06 0.000240091
3 6.693e-06 0.000228016
4 7.207e-06 0.000225742
5 7.702e-06 0.000253857
6 8.144e-06 0.000259709
7 8.857e-06 0.000214615
8 9.922e-06 0.000265952
9 9.841e-06 0.000248937
10 1.0182e-05 0.000201981
20 1.5471e-05 0.000243347
40 2.5821e-05 0.000677124
60 4.0656e-05 0.000209135
80 4.6629e-05 0.000227515
100 5.6924e-05 0.000225328
200 0.000109027 0.000257939
400 0.000212896 0.000275359
600 0.000316985 0.000296131
800 0.000420896 0.000514448
1000 0.000529486 0.000606258
2000 0.0010505 0.00112515
4000 0.00209084 0.0021343
6000 0.00315802 0.00305342
8000 0.00419673 0.0038916
10000 0.00526244 0.00505089
20000 0.010487 0.00991855
40000 0.0208644 0.019113
60000 0.031292 0.0282538
80000 0.041696 0.038025
100000 0.0520837 0.0489273
200000 0.104073 0.0928351
400000 0.208085 0.190876
600000 0.312141 0.286696
800000 0.416172 0.382187
1000000 0.52019 0.486218
2000000 1.04041 0.946392
4000000 2.13639 1.88282
6000000 3.12151 2.85884
8000000 4.16225 3.90631
10000000 5.20276 4.81194
20000000 10.4051 9.55442
40000000 20.8076 19.4498
60000000 31.2123 29.6633
80000000 41.621 38.7732
100000000 52.0201 47.4533
