1 7.444e-06 0.000117418
2 6.293e-06 0.000114478
3 6.693e-06 9.9121e-05
4 7.207e-06 0.00010225
5 7.702e-06 8.3706e-05
6 8.144e-06 0.000105241
7 8.857e-06 0.000120377
8 9.922e-06 8.964e-05
9 9.841e-06 0.000123744
10 1.0182e-05 9.887e-05
20 1.5471e-05 0.000113428
40 2.5821e-05 0.000115372
60 4.0656e-05 0.000126613
80 4.6629e-05 0.000162069
100 5.6924e-05 0.000150445
200 0.000109027 0.000224185
400 0.000212896 0.000307288
600 0.000316985 0.0007245
800 0.000420896 0.000550946
1000 0.000529486 0.000626489
2000 0.0010505 0.00119543
4000 0.00209084 0.0023368
6000 0.00315802 0.00338067
8000 0.00419673 0.00435765
10000 0.00526244 0.00539749
20000 0.010487 0.0109773
40000 0.0208644 0.0217136
60000 0.031292 0.0327969
80000 0.041696 0.0443869
100000 0.0520837 0.0556956
200000 0.104073 0.106466
400000 0.208085 0.211382
600000 0.312141 0.334159
800000 0.416172 0.42574
1000000 0.52019 0.532155
2000000 1.04041 1.07093
4000000 2.13639 2.13833
6000000 3.12151 3.16243
8000000 4.16225 4.23745
10000000 5.20276 5.26945
20000000 10.4051 10.5385
40000000 20.8076 21.0832
60000000 31.2123 31.6157
80000000 41.621 42.1562
100000000 52.0201 52.689
