1 5.943e-06 0.000277312
2 5.279e-06 0.000308915
3 5.158e-06 0.000243904
4 5.185e-06 0.00026114
5 5.193e-06 0.000296159
6 5.311e-06 0.000311083
7 5.263e-06 0.000328258
8 5.167e-06 0.000325731
9 5.324e-06 0.000248826
10 5.145e-06 0.000270325
20 5.3e-06 0.000257133
40 5.402e-06 0.000276538
60 5.56e-06 0.000300641
80 5.662e-06 0.000261683
100 5.995e-06 0.000273027
200 6.376e-06 0.000263579
400 7.543e-06 0.000240648
600 8.73e-06 0.00030495
800 9.851e-06 0.00026018
1000 1.1108e-05 0.000309638
2000 1.6916e-05 0.000298801
4000 3.3982e-05 0.00052418
6000 4.0252e-05 0.000814917
8000 5.2078e-05 0.000959723
10000 6.3722e-05 0.00109834
20000 0.000122194 0.00201306
40000 0.000239429 0.00393784
60000 0.00035613 0.00604782
80000 0.000476077 0.00803611
100000 0.000618604 0.00985975
200000 0.00118155 0.0190233
400000 0.00240223 0.0384739
600000 0.00355048 0.0568788
800000 0.00471718 0.0768959
1000000 0.0059165 0.0966808
2000000 0.0117972 0.189739
4000000 0.0235511 0.374366
6000000 0.0351741 0.570985
8000000 0.0468591 0.745556
10000000 0.0585903 0.945091
20000000 0.117143 1.90738
40000000 0.234317 3.78161
60000000 0.351378 5.59893
80000000 0.468447 7.56805
100000000 0.585596 9.37595
