1 5.098e-06 0.000146169
2 5.509e-06 0.00011649
3 5.301e-06 0.000108666
4 5.39e-06 0.000103305
5 5.509e-06 0.000136045
6 5.435e-06 0.000121466
7 5.447e-06 0.000110888
8 5.625e-06 9.9839e-05
9 5.583e-06 0.000100257
10 5.857e-06 0.000125024
20 6.309e-06 0.000108224
40 7.317e-06 0.000103035
60 8.447e-06 0.00010784
80 9.554e-06 0.000139814
100 1.0456e-05 0.000119159
200 1.5689e-05 0.000119741
400 2.6488e-05 0.000131716
600 3.699e-05 0.000136395
800 4.7393e-05 0.000193824
1000 5.8232e-05 0.000193482
2000 0.000114918 0.000394356
4000 0.000216286 0.000560716
6000 0.000327724 0.000989801
8000 0.000432729 0.00104617
10000 0.00056162 0.00147158
20000 0.00109639 0.00262762
40000 0.00215135 0.00547084
60000 0.00321094 0.00910823
80000 0.00430145 0.0119648
100000 0.00536856 0.0135309
200000 0.0106653 0.0260503
400000 0.0212216 0.054139
600000 0.031837 0.0677784
800000 0.0424953 0.0992122
1000000 0.0530162 0.174538
2000000 0.105989 0.224884
4000000 0.211993 0.477826
6000000 0.318108 0.827135
8000000 0.424025 1.19804
10000000 0.530145 1.35392
20000000 1.06017 3.0378
40000000 2.11957 5.04004
60000000 3.1797 9.75017
80000000 4.23958 11.5649
100000000 5.29918 11.8478
