1 7.444e-06 0.000328077
2 6.293e-06 0.000297988
3 6.693e-06 0.000309622
4 7.207e-06 0.000285278
5 7.702e-06 0.000293749
6 8.144e-06 0.000321287
7 8.857e-06 0.000269923
8 9.922e-06 0.000345546
9 9.841e-06 0.000391657
10 1.0182e-05 0.000322324
20 1.5471e-05 0.000310532
40 2.5821e-05 0.000280254
60 4.0656e-05 0.000596246
80 4.6629e-05 0.000338628
100 5.6924e-05 0.000291852
200 0.000109027 0.000380032
400 0.000212896 0.000303621
600 0.000316985 0.000329052
800 0.000420896 0.000371665
1000 0.000529486 0.000399962
2000 0.0010505 0.00038917
4000 0.00209084 0.000473688
6000 0.00315802 0.00060062
8000 0.00419673 0.000653772
10000 0.00526244 0.00072562
20000 0.010487 0.00183019
40000 0.0208644 0.00178806
60000 0.031292 0.00246666
80000 0.041696 0.00320807
100000 0.0520837 0.00390007
200000 0.104073 0.00738663
400000 0.208085 0.0146995
600000 0.312141 0.0213892
800000 0.416172 0.0283211
1000000 0.52019 0.0351765
2000000 1.04041 0.0699952
4000000 2.13639 0.139447
6000000 3.12151 0.208899
8000000 4.16225 0.278806
10000000 5.20276 0.347929
20000000 10.4051 0.695449
40000000 20.8076 1.39441
60000000 31.2123 2.08532
80000000 41.621 2.78725
100000000 52.0201 3.4855
