1 5.943e-06 0.000254842
2 5.279e-06 0.000207372
3 5.158e-06 0.000232067
4 5.185e-06 0.000228727
5 5.193e-06 0.000237507
6 5.311e-06 0.000223678
7 5.263e-06 0.000255992
8 5.167e-06 0.000228184
9 5.324e-06 0.000259215
10 5.145e-06 0.000231952
20 5.3e-06 0.000286785
40 5.402e-06 0.000204858
60 5.56e-06 0.000204475
80 5.662e-06 0.000233528
100 5.995e-06 0.000262662
200 6.376e-06 0.000277545
400 7.543e-06 0.000210452
600 8.73e-06 0.000216172
800 9.851e-06 0.000231615
1000 1.1108e-05 0.000221033
2000 1.6916e-05 0.000323998
4000 3.3982e-05 0.000535567
6000 4.0252e-05 0.000699579
8000 5.2078e-05 0.000934522
10000 6.3722e-05 0.00121572
20000 0.000122194 0.00215411
40000 0.000239429 0.00436632
60000 0.00035613 0.00629187
80000 0.000476077 0.00786152
100000 0.000618604 0.0100497
200000 0.00118155 0.0192566
400000 0.00240223 0.0411404
600000 0.00355048 0.0597696
800000 0.00471718 0.081436
1000000 0.0059165 0.101051
2000000 0.0117972 0.191779
4000000 0.0235511 0.372491
6000000 0.0351741 0.556825
8000000 0.0468591 0.803255
10000000 0.0585903 0.951767
20000000 0.117143 2.02511
40000000 0.234317 3.74662
60000000 0.351378 5.96904
80000000 0.468447 7.29718
100000000 0.585596 9.948
