1 7.444e-06 0.00012448
2 6.293e-06 0.000156942
3 6.693e-06 0.000153952
4 7.207e-06 0.000135459
5 7.702e-06 0.000145409
6 8.144e-06 0.000133122
7 8.857e-06 0.00015262
8 9.922e-06 0.000155013
9 9.841e-06 0.000156301
10 1.0182e-05 0.000148258
20 1.5471e-05 0.000159993
40 2.5821e-05 0.000132794
60 4.0656e-05 0.000202691
80 4.6629e-05 0.000151832
100 5.6924e-05 0.000192249
200 0.000109027 0.000208107
400 0.000212896 0.000255001
600 0.000316985 0.000321963
800 0.000420896 0.00069365
1000 0.000529486 0.00052412
2000 0.0010505 0.000879403
4000 0.00209084 0.00155403
6000 0.00315802 0.00210943
8000 0.00419673 0.00313246
10000 0.00526244 0.00374733
20000 0.010487 0.00738789
40000 0.0208644 0.0154278
60000 0.031292 0.0214248
80000 0.041696 0.030148
100000 0.0520837 0.035833
200000 0.104073 0.0688545
400000 0.208085 0.139767
600000 0.312141 0.210924
800000 0.416172 0.274846
1000000 0.52019 0.346242
2000000 1.04041 0.692507
4000000 2.13639 1.42078
6000000 3.12151 2.21301
8000000 4.16225 2.87202
10000000 5.20276 3.68601
20000000 10.4051 7.36606
40000000 20.8076 14.2548
60000000 31.2123 21.7037
80000000 41.621 29.4959
100000000 52.0201 34.9871
