1 1.1045e-05 0.00026002
2 1.5524e-05 0.000193042
3 2.0713e-05 0.000380656
4 2.6053e-05 0.000185611
5 3.0374e-05 0.000199696
6 3.613e-05 0.000340124
7 4.1413e-05 0.000218645
8 4.6504e-05 0.000179172
9 5.1864e-05 0.000236364
10 5.6226e-05 0.000185947
20 0.000107803 0.000248111
40 0.000211394 0.000228761
60 0.000314739 0.000271664
80 0.000446821 0.000384647
100 0.00052169 0.000394932
200 0.00104264 0.000608489
400 0.00207793 0.000718274
600 0.00314076 0.00105539
800 0.00417626 0.00128079
1000 0.00523021 0.00170224
2000 0.010453 0.00300449
4000 0.0208396 0.00550096
6000 0.0311853 0.00836891
8000 0.0415222 0.0112628
10000 0.051878 0.0138974
20000 0.103716 0.0265811
40000 0.207342 0.0550968
60000 0.311054 0.0782144
80000 0.41441 0.110001
100000 0.518024 0.130199
200000 1.03595 0.269912
400000 2.07163 0.532289
600000 3.10739 0.779298
800000 4.14258 1.09827
1000000 5.17836 1.30811
2000000 10.3566 2.61522
4000000 20.713 5.49059
6000000 31.0696 8.17231
8000000 41.4273 10.536
10000000 51.7826 13.0221
20000000 103.578 26.5903
40000000 207.152 53.793
60000000 310.736 82.1955
80000000 414.309 107.6
100000000 517.894 132.164
