1 1.1045e-05 0.000134968
2 1.5524e-05 0.000122491
3 2.0713e-05 0.000137742
4 2.6053e-05 0.000112231
5 3.0374e-05 0.000122856
6 3.613e-05 0.000113934
7 4.1413e-05 0.000151905
8 4.6504e-05 0.000120247
9 5.1864e-05 0.000197036
10 5.6226e-05 0.000125084
20 0.000107803 0.000277028
40 0.000211394 0.000208226
60 0.000314739 0.000261961
80 0.000446821 0.000379391
100 0.00052169 0.00038567
200 0.00104264 0.000681726
400 0.00207793 0.00117325
600 0.00314076 0.0016955
800 0.00417626 0.00244878
1000 0.00523021 0.00286127
2000 0.010453 0.00543623
4000 0.0208396 0.0106316
6000 0.0311853 0.0159107
8000 0.0415222 0.0213201
10000 0.051878 0.0263982
20000 0.103716 0.0525947
40000 0.207342 0.10497
60000 0.311054 0.157085
80000 0.41441 0.209267
100000 0.518024 0.261746
200000 1.03595 0.522887
400000 2.07163 1.04638
600000 3.10739 1.56772
800000 4.14258 2.09165
1000000 5.17836 2.61181
2000000 10.3566 5.2233
4000000 20.713 10.4523
6000000 31.0696 15.6859
8000000 41.4273 20.7744
10000000 51.7826 26.0802
20000000 103.578 52.2487
40000000 207.152 104.525
60000000 310.736 156.002
80000000 414.309 208.441
100000000 517.894 260.693
