1 1.1045e-05 0.000234297
2 1.5524e-05 0.000251923
3 2.0713e-05 0.000264795
4 2.6053e-05 0.000229645
5 3.0374e-05 0.000265069
6 3.613e-05 0.000251244
7 4.1413e-05 0.000290904
8 4.6504e-05 0.000318561
9 5.1864e-05 0.000273656
10 5.6226e-05 0.000286368
20 0.000107803 0.000240185
40 0.000211394 0.000282781
60 0.000314739 0.000896218
80 0.000446821 0.000336816
100 0.00052169 0.000350993
200 0.00104264 0.00039084
400 0.00207793 0.000655586
600 0.00314076 0.000706395
800 0.00417626 0.000810021
1000 0.00523021 0.00084271
2000 0.010453 0.00128093
4000 0.0208396 0.002219
6000 0.0311853 0.00332013
8000 0.0415222 0.00418394
10000 0.051878 0.00497832
20000 0.103716 0.00974497
40000 0.207342 0.0193792
60000 0.311054 0.0278091
80000 0.41441 0.0369511
100000 0.518024 0.0461401
200000 1.03595 0.0918926
400000 2.07163 0.183446
600000 3.10739 0.27794
800000 4.14258 0.366467
1000000 5.17836 0.458075
2000000 10.3566 0.915573
4000000 20.713 1.8364
6000000 31.0696 2.74655
8000000 41.4273 3.66198
10000000 51.7826 4.57745
20000000 103.578 9.15478
40000000 207.152 18.3088
60000000 310.736 27.462
80000000 414.309 36.625
100000000 517.894 45.7777
