1 5.943e-06 0.000155931
2 5.279e-06 0.000140814
3 5.158e-06 0.000126519
4 5.185e-06 0.000108963
5 5.193e-06 0.000105999
6 5.311e-06 9.272e-05
7 5.263e-06 0.000143576
8 5.167e-06 0.000101129
9 5.324e-06 0.000108874
10 5.145e-06 0.000129538
20 5.3e-06 0.000117769
40 5.402e-06 0.000112239
60 5.56e-06 0.000116627
80 5.662e-06 0.00013067
100 5.995e-06 0.000124346
200 6.376e-06 0.000135574
400 7.543e-06 0.00010538
600 8.73e-06 0.000138195
800 9.851e-06 0.000119485
1000 1.1108e-05 0.000164451
2000 1.6916e-05 0.000127589
4000 3.3982e-05 0.000154484
6000 4.0252e-05 0.000201036
8000 5.2078e-05 0.000207829
10000 6.3722e-05 0.000232883
20000 0.000122194 0.000366313
40000 0.000239429 0.000612784
60000 0.00035613 0.000869992
80000 0.000476077 0.00114033
100000 0.000618604 0.00140213
200000 0.00118155 0.00255903
400000 0.00240223 0.00497918
600000 0.00355048 0.00781875
800000 0.00471718 0.00991535
1000000 0.0059165 0.0124342
2000000 0.0117972 0.025616
4000000 0.0235511 0.0485751
6000000 0.0351741 0.0727107
8000000 0.0468591 0.0966881
10000000 0.0585903 0.120556
20000000 0.117143 0.239997
40000000 0.234317 0.480009
60000000 0.351378 0.71954
80000000 0.468447 0.959371
100000000 0.585596 1.19941
