1 7.444e-06 0.000249073
2 6.293e-06 0.000228497
3 6.693e-06 0.000218194
4 7.207e-06 0.000264775
5 7.702e-06 0.000254475
6 8.144e-06 0.00031313
7 8.857e-06 0.000252515
8 9.922e-06 0.000217298
9 9.841e-06 0.000254575
10 1.0182e-05 0.000170087
20 1.5471e-05 0.000244455
40 2.5821e-05 0.000308029
60 4.0656e-05 0.000179212
80 4.6629e-05 0.000210386
100 5.6924e-05 0.000264205
200 0.000109027 0.000412951
400 0.000212896 0.000243042
600 0.000316985 0.000274062
800 0.000420896 0.000276507
1000 0.000529486 0.000314627
2000 0.0010505 0.000390368
4000 0.00209084 0.000503494
6000 0.00315802 0.000655276
8000 0.00419673 0.000782514
10000 0.00526244 0.000957649
20000 0.010487 0.00163076
40000 0.0208644 0.0030166
60000 0.031292 0.00442128
80000 0.041696 0.00581923
100000 0.0520837 0.0071906
200000 0.104073 0.0141565
400000 0.208085 0.028034
600000 0.312141 0.0419167
800000 0.416172 0.0558179
1000000 0.52019 0.06971
2000000 1.04041 0.139149
4000000 2.13639 0.278122
6000000 3.12151 0.417049
8000000 4.16225 0.555923
10000000 5.20276 0.69485
20000000 10.4051 1.38934
40000000 20.8076 2.77837
60000000 31.2123 4.16739
80000000 41.621 5.55678
100000000 52.0201 6.94533
