1 5.943e-06 0.000134674
2 5.279e-06 0.000107718
3 5.158e-06 9.9017e-05
4 5.185e-06 0.000127637
5 5.193e-06 0.000103812
6 5.311e-06 0.000650519
7 5.263e-06 0.000110111
8 5.167e-06 0.000106706
9 5.324e-06 0.000145874
10 5.145e-06 0.00010844
20 5.3e-06 0.000119535
40 5.402e-06 0.000104045
60 5.56e-06 0.000103881
80 5.662e-06 0.000112833
100 5.995e-06 0.000127634
200 6.376e-06 0.000122546
400 7.543e-06 0.00017422
600 8.73e-06 0.000171261
800 9.851e-06 0.000234462
1000 1.1108e-05 0.000147973
2000 1.6916e-05 0.000358367
4000 3.3982e-05 0.000396517
6000 4.0252e-05 0.000382957
8000 5.2078e-05 0.000480964
10000 6.3722e-05 0.000472065
20000 0.000122194 0.00082798
40000 0.000239429 0.00150867
60000 0.00035613 0.0024802
80000 0.000476077 0.0032233
100000 0.000618604 0.00381926
200000 0.00118155 0.00676447
400000 0.00240223 0.0131001
600000 0.00355048 0.0223181
800000 0.00471718 0.0283425
1000000 0.0059165 0.0367626
2000000 0.0117972 0.0694439
4000000 0.0235511 0.142317
6000000 0.0351741 0.231057
8000000 0.0468591 0.281673
10000000 0.0585903 0.333715
20000000 0.117143 0.679047
40000000 0.234317 1.53564
60000000 0.351378 2.67735
80000000 0.468447 3.51023
100000000 0.585596 3.3531
