1 1.1045e-05 0.000273261
2 1.5524e-05 0.000266328
3 2.0713e-05 0.000287597
4 2.6053e-05 0.00032455
5 3.0374e-05 0.000267922
6 3.613e-05 0.000279343
7 4.1413e-05 0.000308565
8 4.6504e-05 0.000584551
9 5.1864e-05 0.000264694
10 5.6226e-05 0.000303324
20 0.000107803 0.000285307
40 0.000211394 0.000316817
60 0.000314739 0.000336264
80 0.000446821 0.000320097
100 0.00052169 0.000307353
200 0.00104264 0.00033581
400 0.00207793 0.000445281
600 0.00314076 0.000514572
800 0.00417626 0.000778324
1000 0.00523021 0.000719197
2000 0.010453 0.000984016
4000 0.0208396 0.0017688
6000 0.0311853 0.00254284
8000 0.0415222 0.00489281
10000 0.051878 0.0040172
20000 0.103716 0.0101458
40000 0.207342 0.0178412
60000 0.311054 0.0242725
80000 0.41441 0.038788
100000 0.518024 0.0413402
200000 1.03595 0.0819603
400000 2.07163 0.163106
600000 3.10739 0.231568
800000 4.14258 0.301555
1000000 5.17836 0.381285
2000000 10.3566 0.759487
4000000 20.713 1.51863
6000000 31.0696 2.2658
8000000 41.4273 3.0382
10000000 51.7826 3.7298
20000000 103.578 7.5734
40000000 207.152 15.1499
60000000 310.736 22.4061
80000000 414.309 29.9783
100000000 517.894 37.8666
