1 5.943e-06 0.000226801
2 5.279e-06 0.000311562
3 5.158e-06 0.000267332
4 5.185e-06 0.000370275
5 5.193e-06 0.000265282
6 5.311e-06 0.000374022
7 5.263e-06 0.000541711
8 5.167e-06 0.000306943
9 5.324e-06 0.00027334
10 5.145e-06 0.000297059
20 5.3e-06 0.000354883
40 5.402e-06 0.00028617
60 5.56e-06 0.000313459
80 5.662e-06 0.000235047
100 5.995e-06 0.000262256
200 6.376e-06 0.000218708
400 7.543e-06 0.000219469
600 8.73e-06 0.00029657
800 9.851e-06 0.000242541
1000 1.1108e-05 0.00025966
2000 1.6916e-05 0.000291592
4000 3.3982e-05 0.000265702
6000 4.0252e-05 0.000254647
8000 5.2078e-05 0.000282514
10000 6.3722e-05 0.00023826
20000 0.000122194 0.000268063
40000 0.000239429 0.000319054
60000 0.00035613 0.000365457
80000 0.000476077 0.000387715
100000 0.000618604 0.000429882
200000 0.00118155 0.000552957
400000 0.00240223 0.000745795
600000 0.00355048 0.000998796
800000 0.00471718 0.00208409
1000000 0.0059165 0.0014298
2000000 0.0117972 0.002458
4000000 0.0235511 0.00455995
6000000 0.0351741 0.00669765
8000000 0.0468591 0.0139553
10000000 0.0585903 0.0109562
20000000 0.117143 0.0217132
40000000 0.234317 0.0427255
60000000 0.351378 0.0638758
80000000 0.468447 0.0851027
100000000 0.585596 0.106327
