1 1.1045e-05 0.000330946
2 1.5524e-05 0.000312673
3 2.0713e-05 0.00030285
4 2.6053e-05 0.00035024
5 3.0374e-05 0.000292214
6 3.613e-05 0.000357062
7 4.1413e-05 0.000320964
8 4.6504e-05 0.000278131
9 5.1864e-05 0.000410092
10 5.6226e-05 0.000358479
20 0.000107803 0.000333876
40 0.000211394 0.000363301
60 0.000314739 0.000354692
80 0.000446821 0.000426972
100 0.00052169 0.000358862
200 0.00104264 0.000599315
400 0.00207793 0.000555444
600 0.00314076 0.00077396
800 0.00417626 0.00107131
1000 0.00523021 0.000858522
2000 0.010453 0.00116393
4000 0.0208396 0.0018025
6000 0.0311853 0.00247679
8000 0.0415222 0.00594522
10000 0.051878 0.00387901
20000 0.103716 0.00727757
40000 0.207342 0.0141801
60000 0.311054 0.0210262
80000 0.41441 0.027965
100000 0.518024 0.0503009
200000 1.03595 0.0691729
400000 2.07163 0.143343
600000 3.10739 0.209369
800000 4.14258 0.288987
1000000 5.17836 0.344546
2000000 10.3566 0.687324
4000000 20.713 1.37614
6000000 31.0696 2.06128
8000000 41.4273 2.75692
10000000 51.7826 3.44325
20000000 103.578 6.87915
40000000 207.152 13.7402
60000000 310.736 20.6126
80000000 414.309 27.4853
100000000 517.894 34.3486
