1 5.943e-06 0.000172601
2 5.279e-06 0.000136526
3 5.158e-06 0.0001617
4 5.185e-06 0.000144534
5 5.193e-06 0.000139426
6 5.311e-06 0.000140091
7 5.263e-06 0.000160329
8 5.167e-06 0.000138791
9 5.324e-06 0.000155898
10 5.145e-06 0.000129447
20 5.3e-06 0.000132206
40 5.402e-06 0.000160232
60 5.56e-06 0.000146356
80 5.662e-06 0.000120751
100 5.995e-06 0.000132762
200 6.376e-06 0.000145419
400 7.543e-06 0.000647218
600 8.73e-06 0.000156576
800 9.851e-06 0.000158625
1000 1.1108e-05 0.000267664
2000 1.6916e-05 0.000379179
4000 3.3982e-05 0.000478574
6000 4.0252e-05 0.00089045
8000 5.2078e-05 0.0011872
10000 6.3722e-05 0.00141565
20000 0.000122194 0.00247648
40000 0.000239429 0.00568726
60000 0.00035613 0.00788104
80000 0.000476077 0.010045
100000 0.000618604 0.0125008
200000 0.00118155 0.0263055
400000 0.00240223 0.0517387
600000 0.00355048 0.081563
800000 0.00471718 0.109058
1000000 0.0059165 0.126902
2000000 0.0117972 0.270616
4000000 0.0235511 0.527139
6000000 0.0351741 0.800035
8000000 0.0468591 1.00949
10000000 0.0585903 1.32756
20000000 0.117143 2.65789
40000000 0.234317 5.44312
60000000 0.351378 8.07902
80000000 0.468447 10.7014
100000000 0.585596 13.1698
